-6.266950368881225586e-01 -2.926996946334838867e-01 -3.140018582344055176e-01
-5.996649265289306641e-01 -1.225027218461036682e-01 -2.924409508705139160e-01
-5.710260868072509766e-01 5.118739977478981018e-02 -2.549465000629425049e-01
-5.338566899299621582e-01 2.128483802080154419e-01 -1.866333782672882080e-01
-4.797332286834716797e-01 3.506459593772888184e-01 -4.769993200898170471e-02
-3.957556486129760742e-01 4.465116560459136963e-01 7.328663021326065063e-02
-2.988084256649017334e-01 5.106605887413024902e-01 1.797779351472854614e-01
-1.883868128061294556e-01 5.544404387474060059e-01 3.166600465774536133e-01
1.470832270570099354e-03 5.844392180442810059e-01 3.884157836437225342e-01
1.909905374050140381e-01 5.517070889472961426e-01 3.143311440944671631e-01
3.269285559654235840e-01 4.895756840705871582e-01 1.683995276689529419e-01
4.400261342525482178e-01 4.023579955101013184e-01 3.596242889761924744e-02
5.068787336349487305e-01 3.116249442100524902e-01 -9.476063400506973267e-02
5.408946275711059570e-01 2.045261859893798828e-01 -2.026714235544204712e-01
5.741184353828430176e-01 4.570329561829566956e-02 -2.841764986515045166e-01
5.991416573524475098e-01 -1.458593159914016724e-01 -2.964956462383270264e-01
6.275436282157897949e-01 -3.077480494976043701e-01 -3.019948303699493408e-01
-4.746681153774261475e-01 -4.376046359539031982e-01 2.364871054887771606e-01
-4.166599214076995850e-01 -4.717560112476348877e-01 3.159925639629364014e-01
-3.475387990474700928e-01 -4.840780198574066162e-01 3.661135435104370117e-01
-2.606398761272430420e-01 -4.763909876346588135e-01 3.992317318916320801e-01
-1.671230196952819824e-01 -4.577754437923431396e-01 4.166091978549957275e-01
1.231740415096282959e-01 -4.587401151657104492e-01 4.250619411468505859e-01
2.063615769147872925e-01 -4.804193377494812012e-01 4.157839119434356689e-01
2.866730391979217529e-01 -4.901494085788726807e-01 3.919537663459777832e-01
3.623969256877899170e-01 -4.768601655960083008e-01 3.527863025665283203e-01
4.255681633949279785e-01 -4.500580430030822754e-01 2.953187823295593262e-01
-7.627937477082014084e-03 -3.230886459350585938e-01 4.619437754154205322e-01
-7.876846939325332642e-03 -2.557387650012969971e-01 5.104694366455078125e-01
-7.687545381486415863e-03 -1.991799026727676392e-01 5.525456666946411133e-01
-7.345120422542095184e-03 -1.426169127225875854e-01 5.986667275428771973e-01
-1.449618786573410034e-01 3.312693908810615540e-02 4.196909964084625244e-01
-8.434253931045532227e-02 3.127360716462135315e-02 4.731740951538085938e-01
-5.499685648828744888e-03 3.975145146250724792e-02 5.146695971488952637e-01
6.346292793750762939e-02 4.613516479730606079e-02 4.792240560054779053e-01
1.339839100837707520e-01 2.204025723040103912e-02 4.190786778926849365e-01
-3.867508172988891602e-01 -3.133975565433502197e-01 2.596318721771240234e-01
-3.166607916355133057e-01 -3.500716090202331543e-01 3.285270035266876221e-01
-2.341379076242446899e-01 -3.549142777919769287e-01 3.334933817386627197e-01
-1.551623493432998657e-01 -3.152493238449096680e-01 3.143281042575836182e-01
-2.309217602014541626e-01 -2.842704057693481445e-01 3.255828619003295898e-01
-3.175090253353118896e-01 -2.851653695106506348e-01 3.098825216293334961e-01
1.389570832252502441e-01 -3.098240494728088379e-01 3.182835876941680908e-01
2.194559276103973389e-01 -3.531921505928039551e-01 3.380275964736938477e-01
3.017465174198150635e-01 -3.496651053428649902e-01 3.331022858619689941e-01
3.766531646251678467e-01 -3.135181367397308350e-01 2.632285654544830322e-01
2.966947853565216064e-01 -2.871439754962921143e-01 3.220130503177642822e-01
2.146244198083877563e-01 -2.905276417732238770e-01 3.312417864799499512e-01
-2.014384418725967407e-01 2.373614311218261719e-01 3.795366287231445312e-01
-1.373207718133926392e-01 1.857856363058090210e-01 4.652524590492248535e-01
-7.648587226867675781e-02 1.511934250593185425e-01 5.035716891288757324e-01
-2.535885199904441833e-03 1.687269955873489380e-01 5.164376497268676758e-01
6.442102789878845215e-02 1.508802026510238647e-01 5.045241117477416992e-01
1.264653056859970093e-01 1.794759631156921387e-01 4.685916602611541748e-01
2.182478457689285278e-01 2.389922738075256348e-01 3.756736814975738525e-01
1.328825950622558594e-01 2.839283943176269531e-01 4.400508999824523926e-01
6.802233308553695679e-02 2.973543107509613037e-01 4.774041771888732910e-01
-4.690653004217892885e-04 3.000406920909881592e-01 4.871094226837158203e-01
-6.934267282485961914e-02 2.969686090946197510e-01 4.805404841899871826e-01
-1.425201594829559326e-01 2.743033170700073242e-01 4.380801916122436523e-01
-1.781347393989562988e-01 2.305904924869537354e-01 3.963589668273925781e-01
-7.403063774108886719e-02 2.147187888622283936e-01 4.653262794017791748e-01
-2.636224264279007912e-03 2.141415476799011230e-01 4.832296073436737061e-01
5.981616675853729248e-02 2.107639610767364502e-01 4.722441136837005615e-01
1.669000238180160522e-01 2.312709987163543701e-01 3.967890143394470215e-01
5.980928242206573486e-02 2.237642854452133179e-01 4.664133787155151367e-01
-1.434361445717513561e-03 2.257590889930725098e-01 4.752439558506011963e-01
-7.522077113389968872e-02 2.306560873985290527e-01 4.671475291252136230e-01
